Zenith      Alcatel_1  Alcatel_2  Starec_1  Starec_2
   +0.0000    +0.0000    +0.0000    +0.0000    +0.0000
   +0.3000    +0.1230    +0.0000    +0.0036    +0.0000
   +0.6000    +0.2460    +0.0000    +0.0072    +0.0000
   +0.9000    +0.3690    +0.0000    +0.0108    +0.0000
   +1.2000    +0.4920    +0.0000    +0.0144    +0.0000
   +1.5000    +0.6150    +0.0000    +0.0180    +0.0000
   +1.8000    +0.7380    +0.0000    +0.0216    +0.0000
   +2.1000    +0.8610    +0.0000    +0.0252    +0.0000
   +2.4000    +0.9840    +0.0000    +0.0288    +0.0000
   +2.7000    +1.1070    +0.0000    +0.0324    +0.0000
   +3.0000    +1.2300    +0.0000    +0.0360    +0.0000
   +3.3000    +1.3530    +0.0000    +0.0396    +0.0000
   +3.6000    +1.4760    +0.0000    +0.0432    +0.0000
   +3.9000    +1.5990    +0.0000    +0.0468    +0.0000
   +4.2000    +1.7220    +0.0000    +0.0504    +0.0000
   +4.5000    +1.8450    +0.0000    +0.0540    +0.0000
   +4.8000    +1.9680    +0.0000    +0.0576    +0.0000
   +5.1000    +2.1538    +0.0000    +0.0524    +0.0000
   +5.4000    +2.4652    +0.0000    +0.0296    +0.0000
   +5.7000    +2.7766    +0.0000    +0.0068    +0.0000
   +6.0000    +3.0880    +0.0000    -0.0160    +0.0000
   +6.3000    +3.3994    +0.0000    -0.0388    +0.0000
   +6.6000    +3.7108    +0.0000    -0.0616    +0.0000
   +6.9000    +4.0222    +0.0000    -0.0844    +0.0000
   +7.2000    +4.3336    +0.0000    -0.1072    +0.0000
   +7.5000    +4.6450    +0.0000    -0.1300    +0.0000
   +7.8000    +4.9564    +0.0000    -0.1528    +0.0000
   +8.1000    +5.2678    +0.0000    -0.1756    +0.0000
   +8.4000    +5.5792    +0.0000    -0.1984    +0.0000
   +8.7000    +5.8906    +0.0000    -0.2212    +0.0000
   +9.0000    +6.2020    +0.0000    -0.2440    +0.0000
   +9.3000    +6.5134    +0.0000    -0.2668    +0.0000
   +9.6000    +6.8248    +0.0000    -0.2896    +0.0000
   +9.9000    +7.1362    +0.0000    -0.3124    +0.0000
  +10.2000    +7.3188    +0.0000    -0.3520    +0.0000
  +10.5000    +7.4370    +0.0000    -0.4000    +0.0000
  +10.8000    +7.5552    +0.0000    -0.4480    +0.0000
  +11.1000    +7.6734    +0.0000    -0.4960    +0.0000
  +11.4000    +7.7916    +0.0000    -0.5440    +0.0000
  +11.7000    +7.9098    +0.0000    -0.5920    +0.0000
  +12.0000    +8.0280    +0.0000    -0.6400    +0.0000
  +12.3000    +8.1462    +0.0000    -0.6880    +0.0000
  +12.6000    +8.2644    +0.0000    -0.7360    +0.0000
  +12.9000    +8.3826    +0.0000    -0.7840    +0.0000
  +13.2000    +8.5008    +0.0000    -0.8320    +0.0000
  +13.5000    +8.6190    +0.0000    -0.8800    +0.0000
  +13.8000    +8.7372    +0.0000    -0.9280    +0.0000
  +14.1000    +8.8554    +0.0000    -0.9760    +0.0000
  +14.4000    +8.9736    +0.0000    -1.0240    +0.0000
  +14.7000    +9.0918    +0.0000    -1.0720    +0.0000
  +15.0000    +9.2100    +0.0000    -1.1200    +0.0000
  +15.3000    +9.0600    +0.0000    -1.2250    +0.0000
  +15.6000    +8.9100    +0.0000    -1.3300    +0.0000
  +15.9000    +8.7600    +0.0000    -1.4350    +0.0000
  +16.2000    +8.6100    +0.0000    -1.5400    +0.0000
  +16.5000    +8.4600    +0.0000    -1.6450    +0.0000
  +16.8000    +8.3100    +0.0000    -1.7500    +0.0000
  +17.1000    +8.1600    +0.0000    -1.8550    +0.0000
  +17.4000    +8.0100    +0.0000    -1.9600    +0.0000
  +17.7000    +7.8600    +0.0000    -2.0650    +0.0000
  +18.0000    +7.7100    +0.0000    -2.1700    +0.0000
  +18.3000    +7.5600    +0.0000    -2.2750    +0.0000
  +18.6000    +7.4100    +0.0000    -2.3800    +0.0000
  +18.9000    +7.2600    +0.0000    -2.4850    +0.0000
  +19.2000    +7.1100    +0.0000    -2.5900    +0.0000
  +19.5000    +6.9600    +0.0000    -2.6950    +0.0000
  +19.8000    +6.8100    +0.0000    -2.8000    +0.0000
  +20.1000    +6.7386    +0.0000    -2.8930    +0.0000
  +20.4000    +6.8244    +0.0000    -2.9620    +0.0000
  +20.7000    +6.9102    +0.0000    -3.0310    +0.0000
  +21.0000    +6.9960    +0.0000    -3.1000    +0.0000
  +21.3000    +7.0818    +0.0000    -3.1690    +0.0000
  +21.6000    +7.1676    +0.0000    -3.2380    +0.0000
  +21.9000    +7.2534    +0.0000    -3.3070    +0.0000
  +22.2000    +7.3392    +0.0000    -3.3760    +0.0000
  +22.5000    +7.4250    +0.0000    -3.4450    +0.0000
  +22.8000    +7.5108    +0.0000    -3.5140    +0.0000
  +23.1000    +7.5966    +0.0000    -3.5830    +0.0000
  +23.4000    +7.6824    +0.0000    -3.6520    +0.0000
  +23.7000    +7.7682    +0.0000    -3.7210    +0.0000
  +24.0000    +7.8540    +0.0000    -3.7900    +0.0000
  +24.3000    +7.9398    +0.0000    -3.8590    +0.0000
  +24.6000    +8.0256    +0.0000    -3.9280    +0.0000
  +24.9000    +8.1114    +0.0000    -3.9970    +0.0000
  +25.2000    +8.2892    +0.0000    -3.9968    +0.0000
  +25.5000    +8.5130    +0.0000    -3.9620    +0.0000
  +25.8000    +8.7368    +0.0000    -3.9272    +0.0000
  +26.1000    +8.9606    +0.0000    -3.8924    +0.0000
  +26.4000    +9.1844    +0.0000    -3.8576    +0.0000
  +26.7000    +9.4082    +0.0000    -3.8228    +0.0000
  +27.0000    +9.6320    +0.0000    -3.7880    +0.0000
  +27.3000    +9.8558    +0.0000    -3.7532    +0.0000
  +27.6000   +10.0796    +0.0000    -3.7184    +0.0000
  +27.9000   +10.3034    +0.0000    -3.6836    +0.0000
  +28.2000   +10.5272    +0.0000    -3.6488    +0.0000
  +28.5000   +10.7510    +0.0000    -3.6140    +0.0000
  +28.8000   +10.9748    +0.0000    -3.5792    +0.0000
  +29.1000   +11.1986    +0.0000    -3.5444    +0.0000
  +29.4000   +11.4224    +0.0000    -3.5096    +0.0000
  +29.7000   +11.6462    +0.0000    -3.4748    +0.0000
  +30.0000   +11.8700    +0.0000    -3.4400    +0.0000
  +30.3000   +11.9066    +0.0000    -3.3626    +0.0000
  +30.6000   +11.9432    +0.0000    -3.2852    +0.0000
  +30.9000   +11.9798    +0.0000    -3.2078    +0.0000
  +31.2000   +12.0164    +0.0000    -3.1304    +0.0000
  +31.5000   +12.0530    +0.0000    -3.0530    +0.0000
  +31.8000   +12.0896    +0.0000    -2.9756    +0.0000
  +32.1000   +12.1262    +0.0000    -2.8982    +0.0000
  +32.4000   +12.1628    +0.0000    -2.8208    +0.0000
  +32.7000   +12.1994    +0.0000    -2.7434    +0.0000
  +33.0000   +12.2360    +0.0000    -2.6660    +0.0000
  +33.3000   +12.2726    +0.0000    -2.5886    +0.0000
  +33.6000   +12.3092    +0.0000    -2.5112    +0.0000
  +33.9000   +12.3458    +0.0000    -2.4338    +0.0000
  +34.2000   +12.3824    +0.0000    -2.3564    +0.0000
  +34.5000   +12.4190    +0.0000    -2.2790    +0.0000
  +34.8000   +12.4556    +0.0000    -2.2016    +0.0000
  +35.1000   +12.4760    +0.0000    -2.1416    +0.0000
  +35.4000   +12.4640    +0.0000    -2.1164    +0.0000
  +35.7000   +12.4520    +0.0000    -2.0912    +0.0000
  +36.0000   +12.4400    +0.0000    -2.0660    +0.0000
  +36.3000   +12.4280    +0.0000    -2.0408    +0.0000
  +36.6000   +12.4160    +0.0000    -2.0156    +0.0000
  +36.9000   +12.4040    +0.0000    -1.9904    +0.0000
  +37.2000   +12.3920    +0.0000    -1.9652    +0.0000
  +37.5000   +12.3800    +0.0000    -1.9400    +0.0000
  +37.8000   +12.3680    +0.0000    -1.9148    +0.0000
  +38.1000   +12.3560    +0.0000    -1.8896    +0.0000
  +38.4000   +12.3440    +0.0000    -1.8644    +0.0000
  +38.7000   +12.3320    +0.0000    -1.8392    +0.0000
  +39.0000   +12.3200    +0.0000    -1.8140    +0.0000
  +39.3000   +12.3080    +0.0000    -1.7888    +0.0000
  +39.6000   +12.2960    +0.0000    -1.7636    +0.0000
  +39.9000   +12.2840    +0.0000    -1.7384    +0.0000
  +40.2000   +12.3356    +0.0000    -1.7300    +0.0000
  +40.5000   +12.4190    +0.0000    -1.7300    +0.0000
  +40.8000   +12.5024    +0.0000    -1.7300    +0.0000
  +41.1000   +12.5858    +0.0000    -1.7300    +0.0000
  +41.4000   +12.6692    +0.0000    -1.7300    +0.0000
  +41.7000   +12.7526    +0.0000    -1.7300    +0.0000
  +42.0000   +12.8360    +0.0000    -1.7300    +0.0000
  +42.3000   +12.9194    +0.0000    -1.7300    +0.0000
  +42.6000   +13.0028    +0.0000    -1.7300    +0.0000
  +42.9000   +13.0862    +0.0000    -1.7300    +0.0000
  +43.2000   +13.1696    +0.0000    -1.7300    +0.0000
  +43.5000   +13.2530    +0.0000    -1.7300    +0.0000
  +43.8000   +13.3364    +0.0000    -1.7300    +0.0000
  +44.1000   +13.4198    +0.0000    -1.7300    +0.0000
  +44.4000   +13.5032    +0.0000    -1.7300    +0.0000
  +44.7000   +13.5866    +0.0000    -1.7300    +0.0000
  +45.0000   +13.6700    +0.0000    -1.7300    +0.0000
  +45.3000   +13.6844    +0.0000    -1.6310    +0.0000
  +45.6000   +13.6988    +0.0000    -1.5320    +0.0000
  +45.9000   +13.7132    +0.0000    -1.4330    +0.0000
  +46.2000   +13.7276    +0.0000    -1.3340    +0.0000
  +46.5000   +13.7420    +0.0000    -1.2350    +0.0000
  +46.8000   +13.7564    +0.0000    -1.1360    +0.0000
  +47.1000   +13.7708    +0.0000    -1.0370    +0.0000
  +47.4000   +13.7852    +0.0000    -0.9380    +0.0000
  +47.7000   +13.7996    +0.0000    -0.8390    +0.0000
  +48.0000   +13.8140    +0.0000    -0.7400    +0.0000
  +48.3000   +13.8284    +0.0000    -0.6410    +0.0000
  +48.6000   +13.8428    +0.0000    -0.5420    +0.0000
  +48.9000   +13.8572    +0.0000    -0.4430    +0.0000
  +49.2000   +13.8716    +0.0000    -0.3440    +0.0000
  +49.5000   +13.8860    +0.0000    -0.2450    +0.0000
  +49.8000   +13.9004    +0.0000    -0.1460    +0.0000
  +50.1000   +13.8920    +0.0000    -0.0510    +0.0000
  +50.4000   +13.8380    +0.0000    +0.0360    +0.0000
  +50.7000   +13.7840    +0.0000    +0.1230    +0.0000
  +51.0000   +13.7300    +0.0000    +0.2100    +0.0000
  +51.3000   +13.6760    +0.0000    +0.2970    +0.0000
  +51.6000   +13.6220    +0.0000    +0.3840    +0.0000
  +51.9000   +13.5680    +0.0000    +0.4710    +0.0000
  +52.2000   +13.5140    +0.0000    +0.5580    +0.0000
  +52.5000   +13.4600    +0.0000    +0.6450    +0.0000
  +52.8000   +13.4060    +0.0000    +0.7320    +0.0000
  +53.1000   +13.3520    +0.0000    +0.8190    +0.0000
  +53.4000   +13.2980    +0.0000    +0.9060    +0.0000
  +53.7000   +13.2440    +0.0000    +0.9930    +0.0000
  +54.0000   +13.1900    +0.0000    +1.0800    +0.0000
  +54.3000   +13.1360    +0.0000    +1.1670    +0.0000
  +54.6000   +13.0820    +0.0000    +1.2540    +0.0000
  +54.9000   +13.0280    +0.0000    +1.3410    +0.0000
  +55.2000   +13.0100    +0.0000    +1.4032    +0.0000
  +55.5000   +13.0100    +0.0000    +1.4530    +0.0000
  +55.8000   +13.0100    +0.0000    +1.5028    +0.0000
  +56.1000   +13.0100    +0.0000    +1.5526    +0.0000
  +56.4000   +13.0100    +0.0000    +1.6024    +0.0000
  +56.7000   +13.0100    +0.0000    +1.6522    +0.0000
  +57.0000   +13.0100    +0.0000    +1.7020    +0.0000
  +57.3000   +13.0100    +0.0000    +1.7518    +0.0000
  +57.6000   +13.0100    +0.0000    +1.8016    +0.0000
  +57.9000   +13.0100    +0.0000    +1.8514    +0.0000
  +58.2000   +13.0100    +0.0000    +1.9012    +0.0000
  +58.5000   +13.0100    +0.0000    +1.9510    +0.0000
  +58.8000   +13.0100    +0.0000    +2.0008    +0.0000
  +59.1000   +13.0100    +0.0000    +2.0506    +0.0000
  +59.4000   +13.0100    +0.0000    +2.1004    +0.0000
  +59.7000   +13.0100    +0.0000    +2.1502    +0.0000
  +60.0000   +13.0100    +0.0000    +2.2000    +0.0000
  +60.3000   +12.9416    +0.0000    +2.3902    +0.0000
  +60.6000   +12.8732    +0.0000    +2.5804    +0.0000
  +60.9000   +12.8048    +0.0000    +2.7706    +0.0000
  +61.2000   +12.7364    +0.0000    +2.9608    +0.0000
  +61.5000   +12.6680    +0.0000    +3.1510    +0.0000
  +61.8000   +12.5996    +0.0000    +3.3412    +0.0000
  +62.1000   +12.5312    +0.0000    +3.5314    +0.0000
  +62.4000   +12.4628    +0.0000    +3.7216    +0.0000
  +62.7000   +12.3944    +0.0000    +3.9118    +0.0000
  +63.0000   +12.3260    +0.0000    +4.1020    +0.0000
  +63.3000   +12.2576    +0.0000    +4.2922    +0.0000
  +63.6000   +12.1892    +0.0000    +4.4824    +0.0000
  +63.9000   +12.1208    +0.0000    +4.6726    +0.0000
  +64.2000   +12.0524    +0.0000    +4.8628    +0.0000
  +64.5000   +11.9840    +0.0000    +5.0530    +0.0000
  +64.8000   +11.9156    +0.0000    +5.2432    +0.0000
  +65.1000   +11.8266    +0.0000    +5.4030    +0.0000
  +65.4000   +11.6964    +0.0000    +5.5020    +0.0000
  +65.7000   +11.5662    +0.0000    +5.6010    +0.0000
  +66.0000   +11.4360    +0.0000    +5.7000    +0.0000
  +66.3000   +11.3058    +0.0000    +5.7990    +0.0000
  +66.6000   +11.1756    +0.0000    +5.8980    +0.0000
  +66.9000   +11.0454    +0.0000    +5.9970    +0.0000
  +67.2000   +10.9152    +0.0000    +6.0960    +0.0000
  +67.5000   +10.7850    +0.0000    +6.1950    +0.0000
  +67.8000   +10.6548    +0.0000    +6.2940    +0.0000
  +68.1000   +10.5246    +0.0000    +6.3930    +0.0000
  +68.4000   +10.3944    +0.0000    +6.4920    +0.0000
  +68.7000   +10.2642    +0.0000    +6.5910    +0.0000
  +69.0000   +10.1340    +0.0000    +6.6900    +0.0000
  +69.3000   +10.0038    +0.0000    +6.7890    +0.0000
  +69.6000    +9.8736    +0.0000    +6.8880    +0.0000
  +69.9000    +9.7434    +0.0000    +6.9870    +0.0000
  +70.2000    +9.6296    +0.0000    +7.1672    +0.0000
  +70.5000    +9.5240    +0.0000    +7.3880    +0.0000
  +70.8000    +9.4184    +0.0000    +7.6088    +0.0000
  +71.1000    +9.3128    +0.0000    +7.8296    +0.0000
  +71.4000    +9.2072    +0.0000    +8.0504    +0.0000
  +71.7000    +9.1016    +0.0000    +8.2712    +0.0000
  +72.0000    +8.9960    +0.0000    +8.4920    +0.0000
  +72.3000    +8.8904    +0.0000    +8.7128    +0.0000
  +72.6000    +8.7848    +0.0000    +8.9336    +0.0000
  +72.9000    +8.6792    +0.0000    +9.1544    +0.0000
  +73.2000    +8.5736    +0.0000    +9.3752    +0.0000
  +73.5000    +8.4680    +0.0000    +9.5960    +0.0000
  +73.8000    +8.3624    +0.0000    +9.8168    +0.0000
  +74.1000    +8.2568    +0.0000   +10.0376    +0.0000
  +74.4000    +8.1512    +0.0000   +10.2584    +0.0000
  +74.7000    +8.0456    +0.0000   +10.4792    +0.0000
  +75.0000    +7.9400    +0.0000   +10.7000    +0.0000
  +75.3000    +7.7630    +0.0000   +10.8896    +0.0000
  +75.6000    +7.5860    +0.0000   +11.0792    +0.0000
  +75.9000    +7.4090    +0.0000   +11.2688    +0.0000
  +76.2000    +7.2320    +0.0000   +11.4584    +0.0000
  +76.5000    +7.0550    +0.0000   +11.6480    +0.0000
  +76.8000    +6.8780    +0.0000   +11.8376    +0.0000
  +77.1000    +6.7010    +0.0000   +12.0272    +0.0000
  +77.4000    +6.5240    +0.0000   +12.2168    +0.0000
  +77.7000    +6.3470    +0.0000   +12.4064    +0.0000
  +78.0000    +6.1700    +0.0000   +12.5960    +0.0000
  +78.3000    +5.9930    +0.0000   +12.7856    +0.0000
  +78.6000    +5.8160    +0.0000   +12.9752    +0.0000
  +78.9000    +5.6390    +0.0000   +13.1648    +0.0000
  +79.2000    +5.4620    +0.0000   +13.3544    +0.0000
  +79.5000    +5.2850    +0.0000   +13.5440    +0.0000
  +79.8000    +5.1080    +0.0000   +13.7336    +0.0000
  +80.1000    +4.8984    +0.0000   +13.9282    +0.0000
  +80.4000    +4.6236    +0.0000   +14.1328    +0.0000
  +80.7000    +4.3488    +0.0000   +14.3374    +0.0000
  +81.0000    +4.0740    +0.0000   +14.5420    +0.0000
  +81.3000    +3.7992    +0.0000   +14.7466    +0.0000
  +81.6000    +3.5244    +0.0000   +14.9512    +0.0000
  +81.9000    +3.2496    +0.0000   +15.1558    +0.0000
  +82.2000    +2.9748    +0.0000   +15.3604    +0.0000
  +82.5000    +2.7000    +0.0000   +15.5650    +0.0000
  +82.8000    +2.4252    +0.0000   +15.7696    +0.0000
  +83.1000    +2.1504    +0.0000   +15.9742    +0.0000
  +83.4000    +1.8756    +0.0000   +16.1788    +0.0000
  +83.7000    +1.6008    +0.0000   +16.3834    +0.0000
  +84.0000    +1.3260    +0.0000   +16.5880    +0.0000
  +84.3000    +1.0512    +0.0000   +16.7926    +0.0000
  +84.6000    +0.7764    +0.0000   +16.9972    +0.0000
  +84.9000    +0.5016    +0.0000   +17.2018    +0.0000
  +85.2000    +0.2364    +0.0000   +17.4740    +0.0000
  +85.5000    -0.0240    +0.0000   +17.7800    +0.0000
  +85.8000    -0.2844    +0.0000   +18.0860    +0.0000
  +86.1000    -0.5448    +0.0000   +18.3920    +0.0000
  +86.4000    -0.8052    +0.0000   +18.6980    +0.0000
  +86.7000    -1.0656    +0.0000   +19.0040    +0.0000
  +87.0000    -1.3260    +0.0000   +19.3100    +0.0000
  +87.3000    -1.5864    +0.0000   +19.6160    +0.0000
  +87.6000    -1.8468    +0.0000   +19.9220    +0.0000
  +87.9000    -2.1072    +0.0000   +20.2280    +0.0000
  +88.2000    -2.3676    +0.0000   +20.5340    +0.0000
  +88.5000    -2.6280    +0.0000   +20.8400    +0.0000
  +88.8000    -2.8884    +0.0000   +21.1460    +0.0000
  +89.1000    -3.1488    +0.0000   +21.4520    +0.0000
  +89.4000    -3.4092    +0.0000   +21.7580    +0.0000
  +89.7000    -3.6696    +0.0000   +22.0640    +0.0000
  +90.0000    -3.9300    +0.0000   +22.3700    +0.0000
